0.24
0.24
0.24
0.24
0.24
0.25
0.23
0.23
0.23
0.22
0.22
0.21
0.21
0.21
0.2
0.2
0.2
0.2
0.2
0.19
0.18
0.17
0.18
0.17
0.17
0.17
0.17
0.18
0.17
0.17
0.17
0.16
0.15
0.16
0.15
0.15
0.15
0.15
0.15
0.15
0.15
0.15
0.14
0.15
0.14
0.15
0.13
0.14
0.15
0.16
0.16
0.16
0.15
0.15
0.16
0.14
0.14
0.14
0.14
0.15
0.15
0.15
0
0.24
0.24
0.24
0.24
0.25
0.23
0.23
0.23
0.22
0.22
0.21
0.21
0.21
0.2
0.2
0.2
0.2
0.2
0.19
0.18
0.17
0.18
0.17
0.17
0.17
0.17
0.18
0.17
0.17
0
0
0
0
0
0
0
0
0
0
0
0
0
0
0
0
0
0
0
0
0
0
0
0
0
0
0
0
0
0
0
0
0
0
0
0
0
0
0
0
0
0
0
0
0
0
0
0
0
0
0
0
0
0
0
0
0
0
0
0
0
0
0
0
0
0
0
0
0
0
0
0
0
0
0
0
0
0
0
0
0
0
0
0
0
0
0
0
0
0
0
0
0
0
0.05
0
0.33
0
0
0.6
0
0.05
0
0.07
0
0.08
0.16
0
0
0.02
0.24
0.15
0
0.8
0
0
0
0
0.04
0
0.45
0
0
0
0.22
0
0
0.02
0
0
0.01
0
1.13
0
0
0
0
0
0
0
1.75
0
0
0
0
0.19
0
0
0.52
0.06
0.05
0.15
0.18
0
0
0
0.26
0.07
0.56
0.55
0.12
0
0.1
0
0
0
0.08
1.82
1.85
1.63
0.99
0.85
0
0.22
0.36
0
0
0
0.24
0.31
0.76
0
0
0
0
0
1.15
0
0
0.85
0
0.65
0
0
0
0
0
0
0
0
0
5.25
0.03
0.05
0
0
0
0
0
0
0
0
0
0
0
0
0.35
0.11
0
0.79
0
0
0
0.24
1.04
0
0
0
0.55
0.15
0.59
0.63
0
0
0
0
0
0
0
0
0.6
0.2
0.24
0.32
0.03
0.14
0.02
0
0
0
0
0
1.6
0.13
0.05
0
0
0.08
0.02
0
0
0.93
0
0
0
0
0
0
0
0
0
0
0
0
0.22
0
0.49
0
0
0.08
0.23
0
0
0
0
0
0
0
0.12
0
0
0
0.21
0
0.4
0
0
0
0
0
0.04
0.51
0.19
0.19
0
0.93
0.9
0.22
3.6
0.02
0
0.14
0
0
0
0
0
0
0
0
0
0
0
0
0
0
0
0.16
0.03
0
0
0
0.07
0
0
0
0
0
0
0
0
0.94
0
0
0
0
0
0
0
0
0
0
0
0
0
0
0
0
0
0
0
0
0
0
0
0
0
0
0
0
0
0
0
0
0
0
0
0
0
0
0
0
0
0
0
0
0
0
0
0
0
0
0
0
0
0
0
0
0
0
0
0
0
0
0
0
0
0
0
0
0
0
0
0
0
0
0
0
0
0
0
0
0
0
0
0
0
0
0
0
0
0
0
0
0
0
0
0
0
0
0
0
0
0
0
0
0
0
0
0
0
0
0
0
0
0
0
0
0
0
0
0
0
0
0
0
0
0
0
0
0
0
0
0
0
0
0
0
0
0
0
0
0
0
0
0
0
0
0
0
0
0
0
0
0
0
0
0
0
0
0
0
0
0
0
0
0
0
0
0
0
0
0
0
0
0
0
0
0
0
0
0
0
0
0
0
0
0
0
0
0
0
0
0
0
0
0
0
0
0
0
0
0
0
0
0
0
0
0
0
0
0
0
0
0
0
0
0
0
0
0
0
0
0
0
0
0
0
0
0
0
0
0
0
0
0
0
0
0
0
0
0
0
0
0
0
0
0
0
0
0
0
0
0
0
0
0
0
0
0
0
0
0
0
0
0
0
0
0
0
0
0
0
0
0
0
0
0
0
0
0
0
0
0
0
0
0
0
0
0
0
0
0
0
0
0
0
0
0
0
0
0
0
0
0
0
0
0
0
0
0
0
0
0
0
0
0
0
0
0
0
0
0
0
0
0
0
0
0
0
0
0
0
0
0
0
0
0
0
0
0
0
0
0
0
0
0
0
0
0
0
0
0
0
0
0
0
0
0
0
0
0
0
0
0
0
0
0
0
0
0
0
0
0
0
0
0
0
0
0
0
0
0
0
0
0
0
0
0
0
0
0
0
0
0
0
0
0
0
0
0
0
0
0
0
0
0
0
0
0
0
0
0
0
0
0
0
0
0
0
0
0
0
0
0
0
0
0
0
0
0
0
0
0
0
0
0.64
1.38
0
0.75
0
0.51
0
0
0.29
0
0
0.21
0
0
0
0
0
0
0.05
0
0
0
0.1
1.52
0.34
1.1
0.84
0
0.91
0
0.78
0.04
1.32
0.02
0
0
0
0
0
0
0
0
0
0.04
0.07
0.01
0.01
0
0.02
0
0.06
0
0
0.29
0.03
0.87
0
0
0
0
0
0
0
0
0
0
0
0.73
0
0
2.22
0
0
0.42
0.22
0
0.02
0
0.05
0.12
0.14
0
0
0
0
0
0
0
0
0
0
0
3.28
0
0.51
0.08
0
0
0
1.41
0.25
0.87
0.33
0.13
0.14
0.65
0.37
0
0.02
0
0.03
0
0.03
0.01
0.98
0.32
0.58
0
0
0
0.27
0.21
0
0
0.31
0.3
0.14
0
0.1
0.16
0
0.38
0
0.38
1.18
1.37
0
0
0
0.25
0.09
0
0.12
0.05
0.74
0.03
0.84
0.01
0
0
0.21
0.18
0.37
1.38
0
0
0
0.1
0
0
0.35
0
0
0
0.01
0
0
0
0
0.1
0
0.2
0
0.05
0
0
0
0
0.17
0
0
0.5
2.71
0.12
0
0
0.69
0
0
0
0
0
0.25
0
0
0
0
0
0
0
0.35
0
0
0
0
0
0
0
0
0
0.04
0.04
0
0
0
0
0
0
0.13
0
0.24
0
0
0
0
0
0
0
0
0
0.08
0
0.44
0
0
0
0
0
0
0
0
0.38
0
0
0.64
0.61
0.06
0
0
0.06
0
0.26
0
0
0
0
0.75
0
0
1.48
0.85
0
0.25
0
0
0.15
0
0
0
0.58
1.24
0
1.1
2.06
0.13
0
0
0
0
0.58
0.85
0
0
0
0
0.13
1.93
0
0
0.02
0
0
0.48
0
0
0
0
0.18
0.32
0
0
0
0
0
0
0
0
0.03
0.01
0
0.36
2.19
2.88
0.02
0
0
0
0
0
0
0
0.58
0.16
0
0.83
0.07
0
0.32
0.05
0
0
0
0.64
0.52
0.04
0
0
1.22
0.16
0.48
0
0
0.18
0
0
0.44
0
0.91
0.13
0.05
0
0
0
0.82
0.18
0
0.66
0
0.61
0.22
0.86
0
2.29
0.01
0
0
0
0
0.06
0
0
0
0
0
0.04
1.29
0.56
0
0.07
0.1
0.54
0
0.12
0
0
0.03
0
0
0.02
0
0
0.18
0
0.41
0
0
0.05
0
0
0.9
0.11
0
0
0
0
0
0.52
0.42
0
0.7
0.27
0.18
0.27
0
0.02
0.1
0
0
0
0
0
0
1.55
2.26
0.03
0.56
0.58
0.04
0
0
0.06
0
0
0
0
0.26
0.08
0.78
0.16
0
0.1
0
0.31
0
0
0
0
0.42
0
0.03
1.22
0.2
0
0.23
0.18
0
0.52
0
0
0
0.79
0
0
0
0
0
0
1.63
0.2
0.19
2
0
0
0
0.74
0.36
0.73
0
0
0
0
0.05
0.11
0.46
0.61
0
0
0
0
0
0
0
0
0
0
0
0
0.28
0
2.31
0.27
2.15
0.57
0
0
0.37
1.32
0.1
2.7
0
0
0
0.03
0
1.88
0
1.62
2.82
0
0.05
0
0
0
0
0.02
0.08
0
0
0
0
0
0
0
0
0
0
0
0.13
0
0
0
0
0
0
0
0.78
0
0
0.3
0.12
0.12
0.22
5.01
3.77
0
0
0
0
0.09
1.12
0.02
0
0
0
0
0.14
0
0.23
0
0.06
0
0
0
0
0
0
0
0.18
0.79
0.44
0.18
0.05
0
0
0
0
0
0
0
0
0.41
0.06
0
0
0
0
0
0
0
0.15
0.06
0.33
0.18
0.02
0.07
0.41
0
0
1.05
0
1.02
0
0
0
0
0
0
0
0
0
0
0
0
0
0.77
0.24
0
0
0
0.72
0
0
0
0
0
0.32
0.71
1.92
0.57
0.02
0
0.74
0.31
0
0
0
0
0.03
0
0
0
0
0
0
0
0
0
0.15
0
0
0
0.02
0
0
0
0.1
0
0.04
0
2.05
0.12
0
0.09
0
0
0.32
0
0.65
0
0
0
0
0
0
0
0.37
0
0
0
0
0
1.1
0.13
1.73
0.01
1.03
0.5
0
0.08
0.12
0
0
0.23
0
0
0
0
0
0
0
0
0
0
0
0
0.3
0
0
0
0.19
0
0
0
0.1
0
0
0
0.02
0
0
0.08
0.1
0.55
0
0
1.38
2.56
0
0
0.19
0.66
1.8
0.75
0
0.04
0.58
0
0
0
0
0
0.78
0
0.1
0
0
0
0
0
0
0
0
0
0.3
0
1.8
0.12
0.42
0.21
2.07
0.12
0.97
1.54
0.89
0
0.1
0.95
0.26
0.51
0
0
0
1.35
0
0
0
0
0
0
0
0
0
0
0
0.22
0
0.24
0
0
0.05
0
0
0
0
0
0
0
0
0
0.29
0
0
0
0
0
0
0
0.35
0
0
0
0
0
0.04
0.03
0.02
0.11
0
0
0
0.77
0
0
0
0.26
2.22
0.14
0
0
0
0
0
0
0
0
0
0.09
0.05
0.63
0.15
0.29
0.07
0.05
0.36
0.13
0
0
0
0
0
0.04
0.22
0.25
0
0
0
0
0
0
0.14
0
0.12
0.81
0.13
1.06
0
0
0
0
0
0
0
0
0
0
0
0
1.89
0.12
0.19
0
0
0
0
0
0
0.29
0
0.28
1.07
0.07
0
0.05
0
0
0.14
0
0.09
0
0
0.2
0
0.05
0.05
0.52
0.18
0
0
0
0
0
0
0
0
0.07
0.25
0.69
0
0
0
0
0.1
0.19
0
0.26
0.35
0.73
0.04
0
0
0
0
0.43
0
0.12
0.11
0.51
0
0
0
8.38
0
0.42
0.1
0
0.08
0.13
0
0
0.31
0
0.05
0.04
0
0.85
0
0.02
1.07
0
0
0
0
0
0.91
0.08
0
0.38
0
0.11
0
0.17
0
0
0
0
0.06
2.04
0.2
0.75
1.12
1.4
0.18
0.03
0.92
1.53
0
0
0
0
0
0.26
1.66
3.83
0
1.57
0
0
0
0
0
1.33
0
0.04
0.09
0
0.16
1.44
0
0
0
0.21
1.48
1.48
0.89
0.28
1.1
0.98
0.13
0.22
0.22
0
0.24
0.76
0.56
0
0
0
0.02
0.01
0
0
0.19
0
0
0.72
0.1
0.01
0.31
1.4
0.15
0
0.12
0.44
0
0.32
0
0.24
0
0.46
0
0
0.53
0.31
0.31
0.02
0.19
0
0
0.04
0.08
1.57
0
0
0
0.27
0.27
0.02
0.62
0.61
0
0
0
0
0
0
0
0
0
0
0.47
0
0
0
0
0
0
0.08
0.49
0.41
0.25
0.32
0.06
0
0
0
0
0
0
0
0
0.04
0
0.32
0.02
0
0
0.16
0
0
0
0.07
0
0
0
2.1
0.15
0.14
0
1.87
0
0.02
0
0
0
0
2.06
0
0
0
0
0
0.41
0
0
0.04
0
0
0.08
0
0
0
0.04
0.21
0
0
0.04
0
0.69
0.09
0.01
0.23
0
0.22
0.06
0
0.29
0.78
0.74
1.33
0.17
0.41
0.36
0
0.1
0.31
0
0
0.07
0
0.79
0
0
0
0
0.35
0.01
0
0.2
0
0
0.02
0.01
0.04
0
0
0
3.95
0.75
0
0.11
0.39
0.17
0
0
0.08
0
0
0
0.01
0
0
0
0
0.35
0.02
0
0
0
0
0
0.02
0.37
0.66
0.14
0
0
0
0
0.25
0
0
0
0
0
0
0.04
4.18
1.8
0
0
0
0
0
0
0
0
1.62
0.12
0.12
0.12
0.12
0
0.08
0.03
0
0
0
1.36
0
0.59
1.39
0.05
0.08
0
3.65
0.02
0
0
0
0
0
0
0
0
0
0
0.16
0
0
0
0.16
0.16
0
0
0.55
0
0
0
0.15
0.37
0.51
0.16
0.12
0.02
0
2.06
0
0.43
0
0
0.88
0
0
0.02
0
0
0
0
0
0
0
0
0
0
0
0
0
0
0
0
0
0.04
0.04
0.3
0
0
0
0
0.66
1
0
0
0
0
0.04
0
0
0
0.18
0
0
0.02
0
0.09
0
0.64
0.04
0
0
0.23
0.25
0
0
0
0
0
0
0
0
0
0
0
1.33
0
0
2.13
0.13
0.61
0.81
0
0
0
0
0.87
0.03
0.05
0.05
0
0
0
0
0
0
0
0
0.35
0
0
1
0.11
1.04
0.89
0
0.08
0
0
0
0
0
0.11
0.63
0.03
0
0
0
0.45
0
0.62
0
0
0
0
0
0
0
0
0
0
0
0
0
0
0
0.28
0.36
0
0
0
0
0
0
0
0.1
0.07
0
0
0
0.33
0
0
0.16
0.01
0.4
0.4
0
0.6
0
0.05
0
0.15
0
0.05
0
0
0.01
0
0.18
0.78
0.39
0.02
0
0
0.21
0
0.36
0.03
0.55
0.66
0.1
0
0
0.85
0
0
0
0
0
0
0
0
0
0
0
0
0
0
0
0.15
0
0
0
0
1.47
0.16
0
0
0
0
0
0
0
0.18
1.14
0
0
0
0
0.44
0
0.33
0
0
0
0
0
1.12
0
0.51
0.01
0.82
0.26
0.35
0
0
0
0
0.97
0
1.11
0
1.35
0
0
0
0
0.49
0
0
0.08
0
0
0
0
0
0
0
0
0
0
0
0
1.19
0
0.21
0
0
0
0
0
0.08
1.01
0
0.14
1.79
0.2
0
0
1.47
0.42
0
0
0
0
0.01
0.02
0
0.67
0.78
0.72
0
0
0
0.02
0.37
0.31
0.15
0.1
0
0.02
0.02
0
0
0
0.08
0.37
0.12
0.17
0
0
0.01
0.74
0.13
0
0.91
0
0
0
0.17
0
0
0.3
0.25
0
0.92
0.08
0
1.02
0
0.14
0
0
0
0
0
0
0.43
0.12
0.16
0
0
0.62
0.37
0.03
0
0
0
0
0
0.02
0
0
0.46
0
0
0
0.07
0.01
0
0.01
0.02
0
0
0
0
0
0.5
0.01
2.38
1.18
0.01
0
0
0.16
0
0.01
0.94
0.85
0.3
0.16
0
0
0
0
0
0
0.15
0.68
0
0.08
0
0
0.44
0.05
0.11
0.04
0
0
0
0
1.72
0.02
0
0
0.24
0.17
0
0.07
0
0.08
0.02
0.02
0
0
0
0
0
0
0
0
0
0.09
0.2
0.14
0
0.33
1.77
0
0
0
0
0.05
0
0
0
0
0
0
0
0
0
0
0
0
0
0
0
0.3
0
0
0
0
2.95
0.06
1.12
0
0
0
0
0
0.85
0
0.19
0.24
0
0.36
0.47
0.19
0
0
0
0.01
0.08
0
0
0
0
0.3
0
0.12
0
0
0
0.44
0.02
0.02
1.04
1.01
0.6
0
0
0
0
0
0
0
0
0
0
0
0
0
0
0
0.76
0.01
0.21
0.01
0.08
0
0
0.64
0.02
0.15
0.11
0.05
0
0.44
1.43
0
0
0
0
0
0
1.39
0.97
0.51
0
0.06
0.04
0
0
0
0
0.08
0.23
0.02
0
0
0
0
0
0
0
0.11
0
0
2.06
2.99
0.01
0
0
0
0
0.31
0.03
0.01
0.1
0
0.09
0
0.74
0
0
0
0
0
0.59
0
0.2
0
0.12
0
1.24
0
0.35
0.42
0
0
0
0
0
0.52
4.78
0
0
0
0
0
1
0
0
0.83
0
0
0
0
0
0
0
0.26
0.6
0
0
0
0
0
1.63
0.08
0
0
10.1
0
0
0
0
0
0.01
0.01
0
0
0
0
0.09
0.24
0
0
0
0.24
0
0
0
0
0.19
0.12
0
0.1
0
0
0.19
0
0
0.84
1.99
0.18
0
0
0.82
0.06
0
0.41
0.03
0
0.19
0.19
0
0
0
0
0.13
0
0
0.19
0.47
0.08
0.35
0
0.91
0
0
0
0
0
0
0
0
0
0
0
0
0
0
0
0
0
1.68
0
0
0
0
0.3
0.02
0.16
0
0
0.01
0
1.74
1.36
0.19
1.19
0.66
0.05
0
0
0
0
0
0.3
0
0
0
0
0
0
0.02
0
0
0.27
0.88
0.19
0
0.03
0
0
0
0
0
0
0.27
0
0.06
0
0.03
0.58
1.63
0.15
0
0.08
0.04
0
0
0
0
0
0
0
0
0
0
0
0.09
0
0.01
0.06
0.23
0.26
0.22
0.33
0.11
0
0
0
0
0
0
0
0
2.12
0.22
0.68
0.56
0.64
2.1
0.47
0
0.38
1.69
0.01
0.41
0.83
0.47
0.32
0.26
0
0
0.1
2.22
0.28
0.07
0.08
0.04
0
0
0
0.52
0.55
0.12
0.66
0.02
0.02
0
0
0
0
0
0
0
0
0.07
0.07
0.18
2.73
0.75
0.78
0
0
0
0
0
0
0.28
0
0
0
0
0.4
1.68
0.12
0.11
0.16
0.3
0.22
0.44
0.51
1.29
2.43
0.27
0
0.11
0.11
0
0
0
1.73
0.75
0.37
0.37
0
0
0
0
0.04
0.09
0.05
1.3
0.45
0.17
0
0
0
0
0
0
0.46
0.55
0.09
0
0.58
0.56
0.03
0.03
0
0.39
0.41
0.17
0.16
0
0
0
0.28
0.59
0
0.04
4.64
0
0.22
0.28
0.04
0.83
0.93
2.02
0.41
0.24
0.01
0.03
0.06
0.37
0.35
0.04
0.04
0.04
0.03
0.04
0
0.07
0.42
0.35
0
0
0
0
0.18
3.12
0.24
0.12
0
0
0.51
0.51
0.05
0.04
0
0.24
0.2
1.17
0
0
0
0
0.61
0.72
0.67
0.75
1.17
0.16
0
0
0.03
0.04
0.06
0.4
0.22
0.25
0.05
0.2
0.54
0.4
0.36
0.1
0.2
0.24
0.32
0.19
0.23
0.21
0.13
0.24
0.13
0.36
0.22
0.39
0.22
0.39
0.32
0.35
0.2
0.33
0.17
0.07
0.31
0.19
0.19
0.16
0.16
0.23
0.25
0.15
0.21
0.19
0.34
0.26
0.17
0.13
0.25
0.32
0.2
0.1
0.27
0.34
0.03
0
0.13
0
0
0.06
0.1
0.21
0.11
0.22
0.07
0.13
0.07
0.22
0
0
0
0
0
0
1.22
0
0
0
0
0
0
0
0
0.02
0
0.34
0.04
0
0
0
0
0.17
0.02
0.9
0
0.73
0
0.18
0.08
0.19
0.04
0
0
0
1.87
0.02
0
0.07
0.36
1.85
1.38
0.34
0
0
0
0
0.05
0
0
0.08
0.01
0
0.71
0
0
0.09
0.17
0.3
1.84
0
0.41
0
0
0
0.03
0.48
0
0.22
0.54
0
0
0
1.42
0
0
0
0
0
0
0
0
0
0.24
0
0
0
0
0
1.39
0
0.23
0
0
0.38
0.15
0
0.78
0
0.02
0
0.39
0
0
0.24
0
0
0
0.92
0
0
0.12
0
0.18
0
0
0
0
0
0
0
0
0.28
0
0
1.19
0
0
0
0
0
0
0
0
0
0.13
0.55
0
0.06
0
0
0
0.62
0
0.52
0.15
0.01
0
0
0
0.78
0
0
0
0
0
0
0
0
0
0.06
0
0.48
0
0
0
0.09
1.31
0.97
0.62
0.62
0.04
0.31
0
0.01
0.15
0
0
0
0
0
0
0
0
0
0
0
0.88
0.15
0.01
0
0
0
0
0.58
0.01
0.43
0.01
0
0
0.1
0.03
0.69
0.12
0
0
0
0
0
0
0
0
0.04
0
0
0
0
0
0
0
0
0
0
0.86
0
0
0
0
0
0
0
0
0
0
0
0
0.24
0
0
0
0
0
0
0
0
0
0.13
0.04
0.2
0.01
0
0
0
0
0
0
0
0
0
0
0
0
0
0
0
0
0
0.02
0
1.7
0.01
0
0
0
0
0
0.85
0
0
0
0.14
0
0.42
0
0
0
0.01
0.05
0.02
0.14
0.15
0.14
0.15
0.13
0.14
0.15
0.16
0.16
0.16
0
0.15
0.16
0.14
0.14
0
0.14
0.15
0.15
0.76
0.01
0
0.01
0.08
0
0
0
0.27
0
0
0.05
0.84
0.57
0.01
0
0.01
0.01
0
0.22
2.19
0.01
0.13
0
0
0
0.27
0.78
0.01
0.07
0
0.23
0.19
0.01
0
0
0.35
0.04
1.17
0.49
0.03
0.08
0
1.18
0.4
0.02
0.01
0.63
0
0
0.48
0
0
0
0
0
0
0.04
0.6
0.11
0.58
0.64
0.45
0.06
0
0
0
0
0.03
0.22
0.77
0.11
0
0.01
0.02
0.15
0.4
0.07
0.42
0
0
0
0
0
0.17
0.04
0.1
0
0.64
0.34
0
0.01
0.04
1.2
0
0
0
0
0.02
0.03
0
0.01
0
0
0.13
0.48
0.03
0.69
1.43
0.13
1.49
2.52
0.08
0.01
0.67
0.58
1.2
0.02
0.01
0
0
0
0
0
0
0
0
0
0.11
0.69
0.57
0
0.78
0.02
0.57
0.91
0.01
0
0
0.05
0.15
0.7
0
0.18
0
0
0.6
0
0.04
2.85
0.05
0.01
0
0
0
0
0.03
0
0
0
0
0
0.01
0
0
0
0
0.47
0
0
0
0.01
0
0
0
0
0.07
0
0
0.06
0
0.08
0.05
0.42
0.33
0.42
0.25
0.03
0
0.01
0
0
0
0.01
0.69
0.18
0.03
0
0
0
0
0
0
0
0
0
0
0
0
0
0
0
0
0
0
0.09
0.72
0
0.72
0
0
0
0
0
0
0
0
0
0
0
0
0
0
0
0
0
0
0
0
0
0
0.19
0.05
0
0.35
0
0.64
0
0
0.09
0.34
0.68
0
0
0
0.05
0.51
0.01
0.17
0
0.01
0.19
0.04
0.53
0
0
0.28
0
0
0.26
0
0
0
0
0
0
0
0
0
0
0.06
0
0
0.03
0
0
0
0
1.06
0
0
0
0.02
0.08
0.62
0
0
0.33
0.61
0
0.05
0
0
0
0
0
0
0
0.21
0
0.2
0.06
0.24
0.09
1.58
0.6
0.64
0.12
0
1.73
0.08
0.11
0
0.01
0
0
1.56
0.13
0
0
0
0
0.67
0.29
0
0.33
0.13
0
0
0
0
0
0.28
0
0
0
0
0
0
0.01
0.04
0
0
0
0
0
0
0.61
0
0
0.11
0
0
0.03
0
1.4
0.91
0.24
1.72
0
0
0.05
0
0.67
0.06
1.46
0.23
0.25
0.23
0
0
0.35
0
0
0
0
0.08
0.14
0
0.08
0
0
0
0
0
0
0
0
0.15
0.43
0.23
0.17
0
2.75
0.06
0.31
0
0.05
0.68
0.01
0
0
0
0
0
0
0
0.31
0.31
0.31
0.32
0.1
0
0.01
0
0
0
0
0.79
0
0.09
0.03
0.07
0.01
0.17
0
0
0
0.34
0.35
1.1
0
0.01
0
0
0.45
0
0
0.08
0
0
0
0
0
0
0
0
0.3
0
0
0
0
0
0.05
0.14
0.32
0.06
0
0.11
0.18
0.2
0
0
0.4
0
0
0.17
0.06
0.53
0
0.05
1.78
0.36
0.01
0
0.56
0.73
0
0
0.76
0
0
0
0
0
0
0.19
0
0
0
0
0
0.25
3.28
1.4
0
0
0
0
0
0
0.31
0.17
1.62
0.71
0
0
0.35
0
0
0
0
0.21
0.45
0
0
0
0
0
0.16
0
0
0
0
0.04
0
0.36
0.01
0.2
0.01
0
0
0
0
0.83
0.14
0.05
0.67
0.89
0
0
0
0
0.04
0
0.08
0.01
0
0
0.14
0.16
0
0.01
0.16
1.35
0.33
0
0.01
5.36
0
0
0
0
0
0.01
0
0.05
0.01
0.03
0
0
0
0
0.01
0.18
0.34
0
0
0
0
0
0
0
0
0.12
0.12
0.29
0.04
0
0
0
0
0
0.06
0
0.49
0.59
0.8
0
0.22
0
0.88
0.06
0
0
0
0
0.04
0.24
0.04
0.17
0.02
0
0.15
0.06
0.03
0.05
0.01
0
0
0
0.28
0
0
0.02
0.03
0.22
0.36
1.03
0.25
0.4
0.05
0.23
0.02
0.08
0.41
0.75
0.34
0.19
0.01
0.2
0
0.01
0
0
0
0
0
0
0
0
0
0
0.05
0
0.13
0
0
0
1.54
0
0
0
0
0.06
0
0
0
0
0
0
0
0
0
0
0.29
0.37
0
1.05
0.32
0.1
0.02
0.25
0.57
0.7
0.31
0.07
1.19
0.01
0.05
0.66
0.34
1.33
0.75
0.13
0.14
1.76
0
0.12
0.5
0.01
0
0
0
0
0
0
0.21
0
0
0
0.35
0.39
0
1.45
1.38
0
0
0
0
0.41
1.16
0.77
0
0
0
0
0.54
0.35
0
0
0
0.88
0.32
0
0
0
0
0
0.79
0.08
0.43
0
0.4
0
0.05
0
0
0
0.54
0.13
0.15
0.01
0.75
0
0.04
0.05
0
0
0.35
0
0.07
0
0
0
0
0
0
0
1.14
0
0
0
0
0
0
0.14
0
0
1.05
0
0
0
0
0
0.03
0
0
0
0.02
0.09
1.29
0
0
0
0
0
0
0
0
0
0
0
0
1.07
0.13
0.05
0.01
0.13
0.01
0.45
0.01
0
0.38
2.99
0.16
0.02
0
0
0
0
0.56
0.01
0
0
0
0
0
1.21
0.18
0.22
0
0.4
0
0.06
0.01
1.87
0.2
0.17
0
0
0
0
0.01
0.66
0
1.22
0.49
0.06
0
0
0
0.38
0
0
0.02
0.13
1.19
0
0.16
0
0
0.58
0
0
0
0
0
0.03
0
0
0
0
0
0.92
0
0.06
0
0.02
0.17
0
0
0
0
0
0
0
0
0.09
0
0
0
0
0
0
0
0
0
0
0
0
0
0
0
0
0.67
0
0.66
0.96
0.13
0.43
0.02
0
0
0
0
0
0
0
0
0
